30.000 95.394
26.667 84.795
23.333 74.195
20.000 63.596
16.667 52.997
13.333 42.397
10.000 31.798
6.667 21.199
3.333 10.599
0.000 0.000
0.000 -0.000
3.333 -10.599
6.667 -21.199
10.000 -31.798
13.333 -42.397
16.667 -52.997
20.000 -63.596
23.333 -74.195
26.667 -84.795
30.000 -95.394
32.000 -95.394
28.667 -84.795
25.333 -74.195
22.000 -63.596
18.667 -52.997
15.333 -42.397
12.000 -31.798
8.667 -21.199
5.333 -10.599
2.000 -0.000
2.000 0.000
5.333 10.599
8.667 21.199
12.000 31.798
15.333 42.397
18.667 52.997
22.000 63.596
25.333 74.195
28.667 84.795
32.000 95.394
